"LabCode"	"Sex"	"Age"	"Ancy"	"Cysto"	"Tri"	"Tani"	"Dipy"	"Meso"	"Spiru"	"IgA"	"IgG"	"mucin"	"censor"	"age"	"Clan"	"age_death"	"rich_a"	"year"	"IMDS1"	"IMDS2"	"PMDS1"	"PMDS2"	"Diphyllobothrium"
"335"	"2"	"3"	NA	NA	NA	NA	NA	NA	NA	44739.81424	28.33800714	88.23171755	1	4858	"I"	6757	NA	"2009"	-0.129745417210923	-0.0653238226078322	NA	NA	NA
"4A"	"2"	"3"	0	0	0	0	0	0	0	4909.928072	0	93.22696709	0	2017	"I"	2113	0	"2010"	-0.550552777253222	-0.054554792341117	NA	NA	0
"320"	"2"	"1"	NA	NA	NA	NA	NA	NA	NA	131914.9946	1300.305928	74.51198937	1	163	"M"	180	NA	"2008"	0.476608567280633	0.345293765402999	NA	NA	NA
"260"	"1"	"3"	100	62.5	0	50	0	962.5	50	NA	NA	303.388018	0	906	"M"	1953	5	"2010"	NA	NA	0.21805717401211	-1.37017034957253	25
"327"	"2"	"1"	NA	NA	NA	NA	NA	NA	NA	374874.7016	1179.794567	68.06972526	1	326	"M"	830	NA	"2009"	0.59405228382813	0.1835059490292	NA	NA	NA
"322"	"2"	"1"	NA	NA	NA	NA	NA	NA	NA	388884.3418	14.44878384	111.7151999	0	204	"M"	3270	NA	"2009"	0.122586629052887	-0.324560291311461	NA	NA	NA
"26A"	"2"	"3"	0	0	0	0	0	0	0	NA	NA	95.3701648	0	829	"M"	3218	0	"2010"	NA	NA	NA	NA	0
"326"	"2"	"1"	NA	NA	NA	NA	NA	NA	NA	8519217.47	NA	219.6341415	0	206	"M"	3218	NA	"2009"	NA	NA	NA	NA	NA
"319"	"2"	"1"	NA	NA	NA	NA	NA	NA	NA	4356111.169	NA	103.6240404	1	55	"M"	686	NA	"2008"	NA	NA	NA	NA	NA
"325"	"2"	"1"	NA	NA	NA	NA	NA	NA	NA	5141858.333	4038.331683	142.9020892	1	183	"M"	669	NA	"2009"	0.832709416755754	-0.0504243166823833	NA	NA	NA
"291"	"1"	"3"	0	0	0	0	0	0	0	NA	NA	120.9921293	0	NA	"M"	NA	1	"2016"	NA	NA	-1.28857580067895	-0.0368980129783225	1225
"253"	"1"	"3"	0	0	0	0	0	0	0	NA	NA	66.46842477	0	726	"M"	1055	0	"2010"	NA	NA	NA	NA	0
"14M"	"1"	"3"	0	0	0	0	0	0	0	3465.464784	9.337158364	23.91418061	0	NA	"I"	NA	0	"2016"	-0.230037298981538	0.0341271053508169	NA	NA	0
"254"	"1"	"3"	75	0	0	25	0	0	0	NA	NA	45.34178608	0	726	"M"	3115	1	"2010"	NA	NA	1.15141651562415	-0.922052021717906	0
"27A"	"2"	"3"	0	0	0	0	0	0	0	NA	NA	61.38791563	0	864	"M"	2970	1	"2011"	NA	NA	-1.28857580067895	-0.0368980129783225	75
"28A"	"2"	"3"	0	0	0	0	0	0	0	NA	NA	66.38979118	0	2331	"M"	2895	1	"2015"	NA	NA	-1.28857580067895	-0.0368980129783224	125
"87F"	"1"	"3"	25	0	0	0	0	0	0	NA	NA	NA	0	NA	"M"	NA	1	"2016"	NA	NA	-0.092902491133476	0.536181495481637	25
"256"	"1"	"1"	3600	0	0	0	75	75	125	NA	NA	115.7923428	0	153	"M"	2536	3	"2010"	NA	NA	1.03551828391295	-0.535160685642694	0
"259"	"1"	"3"	12.5	50	0	0	0	0	0	NA	NA	51.49483837	1	NA	"M"	NA	2	"2010"	NA	NA	0.265541419187564	0.101357845513573	37.5
"255"	"1"	"3"	25	137.5	0	75	0	0	0	NA	NA	28.95995618	0	NA	"M"	NA	3	"2010"	NA	NA	0.406206465045446	-1.3221949981372	50
"29A"	"2"	"3"	0	0	25	0	0	0	0	NA	NA	72.78007873	1	1414	"M"	1771	2	"2014"	NA	NA	-0.581277740336553	-1.72087543984185	350
"30A"	"2"	"3"	0	0	0	0	0	0	0	NA	NA	70.09421603	0	1432	"M"	2338	1	"2014"	NA	NA	-1.28857580067895	-0.0368980129783225	1475
"31A"	"2"	"3"	0	0	0	0	0	0	0	NA	NA	66.87620569	0	1714	"M"	2295	1	"2015"	NA	NA	-1.28857580067895	-0.0368980129783225	125
"1M"	"1"	"3"	600	350	0	0	0	50	0	NA	60.80497052	117.2678276	0	NA	"I"	NA	3	"2011"	NA	NA	-0.0954392252810667	-0.252049070907742	4825
"7M"	"1"	"3"	25	0	0	0	0	0	0	NA	49.4687064	32.82785766	0	NA	"M"	NA	1	"2011"	NA	NA	-0.426437993122536	0.2397402996681	375
"9M"	"1"	"3"	0	0	0	0	0	0	0	NA	NA	24.18224289	0	NA	"M"	NA	0	"2014"	NA	NA	NA	NA	0
"10M"	"1"	"3"	50	25	50	0	0	0	0	NA	NA	72.07156279	0	NA	"M"	NA	3	"2013"	NA	NA	0.647656535764732	-1.34582571053719	75
"32A"	"2"	"3"	0	0	0	0	0	0	0	NA	NA	NA	0	1445	"M"	2003	1	"2015"	NA	NA	-1.28857580067895	-0.0368980129783225	1525
"98F"	"1"	"1"	200	200	0	0	0	0	0	NA	NA	NA	0	706	"M"	2003	1	"2013"	NA	NA	0.627465769854852	0.531121573734054	0
"99F"	"1"	"1"	25	150	0	0	0	0	0	NA	NA	NA	0	519	"M"	1858	1	"2013"	NA	NA	0.899777318881053	0.482116849154531	0
"33A"	"2"	"3"	0	0	0	0	0	0	0	NA	NA	46.11438885	0	1243	"M"	1807	1	"2015"	NA	NA	-1.28857580067895	-0.0368980129783225	1125
"372"	"2"	"3"	NA	NA	NA	NA	NA	NA	NA	125092.1618	13.80508038	23.57881561	0	1990	"M"	1807	NA	"2017"	0.259576694537337	-0.284284865946025	NA	NA	NA
"278"	"1"	"1"	75	0	0	0	0	225	0	NA	NA	183.4221534	0	645	"M"	1479	2	"2015"	NA	NA	-0.245116764749887	-1.1311538902409	200
"34A"	"2"	"3"	0	0	0	0	0	0	0	NA	NA	NA	0	792	"M"	1356	1	"2015"	NA	NA	-1.28857580067895	-0.0368980129783225	850
"19M"	"1"	"3"	175	0	0	0	0	50	0	1874.400857	NA	37.67003721	0	NA	"I"	NA	1	"2015"	NA	NA	0.53530598899581	-0.231000720039638	0
"35A"	"2"	"3"	0	0	0	0	0	75	0	NA	NA	NA	0	736	"M"	1313	2	"2015"	NA	NA	-0.786435149894884	-1.26237601965819	400
"369"	"2"	"3"	NA	NA	NA	NA	NA	NA	NA	120845.561	43.70784122	45.80945268	0	1472	"M"	1292	NA	"2017"	0.185578902540521	-0.136476859811401	NA	NA	NA
"11M"	"1"	"3"	75	25	0	0	0	0	0	3011.392863	25.59648348	24.68154505	0	NA	"M"	NA	2	"2015"	-0.133241187581026	0.133962011988658	0.0364445552403916	0.273099501195584	150
"24M"	"1"	"3"	0	75	0	0	0	0	0	4243.534338	248.035113	68.03089768	0	NA	"M"	NA	2	"2015"	0.0311739121839443	0.321361062356244	-0.709015946622002	-0.460122114685679	125
"18M"	"1"	"3"	50	0	0	0	0	0	0	24933.92274	7.563136324	30.29813586	0	NA	"M"	NA	0	"2015"	-0.0855322809030071	-0.124947758929536	0.28128206035661	0.941961226153541	0
"22M"	"1"	"3"	0	0	0	0	0	0	0	11499.84187	1.994444798	79.14735752	0	NA	"M"	NA	0	"2015"	-0.396339152352863	-0.0879095108610025	NA	NA	0
"110F"	"1"	"3"	75	0	25	0	0	0	0	NA	NA	NA	0	NA	"M"	NA	1	"2017"	NA	NA	1.08783163556957	-1.19203115843822	0
"15"	"2"	"1"	125	0	0	0	0	0	0	52276.30492	79.25351781	222.7684986	0	137	"M"	1361	0	"2010"	-0.19908801179823	-0.000535296144457369	0.28128206035661	0.941961226153541	0
"22"	"1"	"1"	500	0	0	0	0	0	0	7283.076604	52.11209268	90.847412	0	122	"M"	929	1	"2010"	-0.230589121252796	0.0907522447091157	0.166028273447519	0.791428704346387	25
"17"	"2"	"1"	22950	22275	0	0	0	0	0	109837.2165	8328.722293	183.1690093	1	105	"M"	498	2	"2010"	0.512969440452906	0.647569256033929	0.557907227480312	0.474012280390468	25
"344"	"2"	"3"	NA	NA	NA	NA	NA	NA	NA	237742.1671	7.041535313	71.91142389	0	3809	"I"	4118	NA	"2016"	0.105623577721833	-0.330113764645515	NA	NA	NA
"20"	"1"	"1"	2800	5000	0	0	25	0	0	28601.17907	71.41685688	161.2794734	1	120	"M"	220	3	"2010"	-0.202190694298538	0.0341621840857545	0.303575420193423	-0.281369504649207	14550
"23"	"2"	"1"	400	0	0	0	0	0	0	59027.04536	1083.79781	163.3235295	1	125	"M"	189	1	"2010"	0.212403168663119	0.322350328153938	-0.420344241224579	0.244640221817952	5425
"18"	"2"	"1"	31875	75	0	0	25	0	0	70084.523	71.21278346	215.9791252	1	67	"M"	136	3	"2010"	-0.175433294339506	-0.0292830440302359	-0.00314391272535158	0.0846289842065955	109725
"27"	"1"	"1"	8325	0	0	0	0	0	25	106612.9644	176.5767485	279.0051783	0	109	"M"	1257	2	"2010"	-0.100038721761128	0.0151594368317437	-0.0836508470380507	0.252374857390001	21325
"63"	"1"	"1"	7850	50	0	0	0	0	0	204017.2715	34.35665451	139.901225	1	205	"M"	872	2	"2011"	-0.00102598934823242	-0.182053131288495	-0.0935652899997539	0.452248174690501	11100
"58"	"1"	"1"	13925	0	0	0	0	2050	0	564286.817	49.59014224	123.1108359	1	158	"M"	839	2	"2011"	0.215052642379942	-0.292152190725144	0.507002738908291	-0.108954879201053	25
"104"	"1"	"1"	625	0	0	0	0	0	0	53716.33316	59.57852136	194.914499	0	220	"M"	1314	0	"2011"	-0.196909183656546	-0.0228498728410969	0.28128206035661	0.941961226153541	0
"44"	"1"	"1"	1875	250	0	0	0	0	0	52666.69016	37.49973141	74.50183279	0	88	"M"	1017	1	"2010"	-0.0542371067065438	-0.0565261006841832	0.436936222646191	0.68646503137729	0
"62"	"2"	"1"	11525	1400	0	0	0	0	0	1242501.232	1588.84337	158.1411816	1	128	"M"	765	2	"2011"	0.577358728204444	0.0296516563724309	-0.0307130029463916	0.305945668417902	21200
"109"	"1"	"1"	100	125	0	0	25	0	0	208116.4677	508.0336847	132.6983527	1	203	"M"	767	3	"2011"	0.271053175801709	0.102667913878619	0.592653978347551	-0.801434446936929	1975
"5A"	"2"	"3"	0	0	0	0	0	0	0	2660.758683	16.64760724	88.77311766	1	1616	"I"	3750	1	"2010"	-0.384433502277721	0.0232909767422348	-1.28857580067895	-0.0368980129783225	425
"116"	"1"	"1"	2050	250	0	0	0	150	0	20750.44187	79.20426127	140.6455145	0	272	"M"	1614	3	"2011"	-0.192230918911408	0.0644193910044976	-0.316627844656498	-0.220051728206648	57625
"69"	"1"	"1"	0	0	0	0	25	0	0	167420.8397	697.2460922	198.694262	0	152	"M"	1015	1	"2011"	0.190292786166474	0.152289261110955	2.14549229140205	-1.33643189985643	0
"70"	"2"	"1"	425	0	0	0	0	0	0	296231.5189	219.4135608	103.1087059	1	152	"M"	1160	0	"2011"	0.279161128351704	-0.0554558107046283	0.28128206035661	0.941961226153541	0
"128"	"2"	"1"	2923	0	50	0	50	25	0	75007.34856	37.14522463	134.5409164	1	175	"M"	1771	4	"2011"	-0.128928761957751	-0.0833172159175588	0.510512821243367	-0.694099403217134	11225
"119"	"2"	"1"	2650	0	0	0	25	0	0	393490.4806	52.20604372	173.4127132	1	157	"M"	295	2	"2011"	0.083115906648758	-0.218075151995386	-0.00401398752369247	-0.310926996965227	25525
"112"	"2"	"1"	2300	0	0	0	0	0	0	123164.8282	118.0048387	104.5714381	0	125	"M"	2763	0	"2011"	0.0901006714883268	-0.0249909588093721	0.28128206035661	0.941961226153541	0
"118"	"1"	"1"	225	50	0	0	0	0	0	60418.36568	51.46045068	140.2980907	1	165	"M"	931	2	"2011"	-0.13820757002531	-0.0409670315004848	-0.326273920684273	0.117434137877597	3775
"36A"	"2"	"3"	0	0	0	0	0	0	0	NA	NA	NA	1	5980	"P"	6233	1	"2010"	NA	NA	-1.28857580067895	-0.0368980129783225	4325
"343"	"2"	"3"	NA	NA	NA	NA	NA	NA	NA	537849.0005	NA	26.29871515	1	2967	"P"	3856	NA	"2002"	NA	NA	NA	NA	NA
"37A"	"2"	"3"	100	0	0	0	0	0	0	11091.52849	NA	NA	1	5265	"P"	6754	1	"2010"	NA	NA	-0.307610824098104	0.35217037313358	475
"334"	"2"	"3"	NA	NA	NA	NA	NA	NA	NA	160326.7018	58.59857043	28.03930754	1	1198	"I"	1886	NA	"2009"	0.372651403302536	-0.163061652999657	NA	NA	NA
"38A"	"2"	"3"	425	0	0	0	0	0	0	NA	NA	36.61535569	1	4974	"P"	6023	1	"2010"	NA	NA	-0.388796007546701	0.278903320801411	4150
"39A"	"2"	"3"	1575	0	0	50	0	0	0	960.4016888	NA	425.5989917	1	4096	"P"	5413	1	"2010"	NA	NA	0.930152023517612	0.0985027095913587	0
"376"	"2"	"3"	NA	NA	NA	NA	NA	NA	NA	59615.85192	15.37647083	84.55215733	1	2135	"P"	2461	NA	"2009"	-0.126579843408169	-0.129350954750979	NA	NA	NA
"371"	"2"	"3"	NA	NA	NA	NA	NA	NA	NA	46907.6239	22.53360618	17.42396487	0	4924	"P"	4746	NA	"2017"	0.217515815050297	-0.107275094711771	NA	NA	NA
"374"	"2"	"3"	NA	NA	NA	NA	NA	NA	NA	108226.4024	20.27796274	46.28163556	0	4644	"P"	4426	NA	"2018"	0.10847837831575	-0.193892139053408	NA	NA	NA
"16M"	"1"	"3"	350	175	0	50	0	25	0	2431.208505	0	69.47747772	0	NA	"P"	NA	4	"2015"	-0.574166016999337	-0.0446361060619801	0.142394061466061	-0.864550120524947	2375
"350"	"2"	"3"	NA	NA	NA	NA	NA	NA	NA	95634.53526	35.95013432	32.62074394	0	3902	"P"	4164	NA	"2016"	0.21397126230357	-0.135088734215586	NA	NA	NA
"40A"	"2"	"3"	0	0	0	0	0	0	0	NA	NA	NA	0	1887	"P"	4164	0	"2011"	NA	NA	NA	NA	0
"41A"	"2"	"3"	25	0	0	0	0	0	0	NA	NA	NA	0	1454	"P"	3702	1	"2011"	NA	NA	-0.092902491133476	0.536181495481637	25
"249"	"1"	"3"	50	0	0	0	0	0	0	NA	NA	97.50402257	0	1128	"P"	3651	0	"2010"	NA	NA	0.28128206035661	0.941961226153541	0
"6A"	"2"	"3"	525	0	0	0	0	0	0	13943.60046	32.81729056	177.4328078	1	1258	"I"	1444	0	"2010"	-0.334479114395721	0.00160198883672132	0.28128206035661	0.941961226153541	0
"373"	"2"	"3"	NA	NA	NA	NA	NA	NA	NA	72513.60757	135.4064288	93.93299497	0	3808	"P"	3590	NA	"2018"	0.0673804722391454	0.044526613329047	NA	NA	NA
"42A"	"2"	"3"	50	0	0	0	0	0	0	NA	NA	NA	0	1138	"P"	3590	1	"2010"	NA	NA	-0.754108808240536	-0.00175468243832353	6850
"308"	"1"	"3"	150	0	0	0	0	0	0	NA	NA	73.8088335	0	NA	"P"	NA	0	"2017"	NA	NA	0.28128206035661	0.941961226153541	0
"127F"	"1"	"3"	275	150	0	0	0	25	0	NA	NA	NA	0	1224	"P"	3135	3	"2012"	NA	NA	-0.457171007799738	-0.267948069943344	21975
"23M"	"1"	"3"	0	0	0	0	0	0	0	NA	24.66615584	23.34533532	0	NA	"P"	NA	0	"2015"	NA	NA	NA	NA	0
"129F"	"1"	"3"	50	25	0	0	0	0	25	NA	NA	NA	0	961	"P"	1071	3	"2011"	NA	NA	0.718244373492736	-0.573195923094748	50
"331"	"2"	"1"	NA	NA	NA	NA	NA	NA	NA	236924.8797	1665.544958	112.021273	1	123	"P"	633	NA	"2009"	0.474716872241788	0.29243352618433	NA	NA	NA
"330"	"2"	"1"	NA	NA	NA	NA	NA	NA	NA	352924.5341	423.9538104	70.81654718	1	117	"P"	435	NA	"2009"	0.465086127835531	0.0120891158871962	NA	NA	NA
"329"	"2"	"1"	NA	NA	NA	NA	NA	NA	NA	279424.136	995.0574963	64.99594191	1	117	"P"	13	NA	"2009"	0.554537482771308	0.197257546927472	NA	NA	NA
"333"	"2"	"1"	NA	NA	NA	NA	NA	NA	NA	1233859.586	58.81012329	95.29019887	1	126	"P"	2495	NA	"2009"	0.419949506478287	-0.420205161986179	NA	NA	NA
"359"	"2"	"3"	NA	NA	NA	NA	NA	NA	NA	81407.8982	10.08759994	29.89387537	0	3352	"I"	3525	NA	"2016"	0.117727497764707	-0.234492757945459	NA	NA	NA
"282"	"1"	"3"	25	0	0	0	0	0	0	NA	NA	40.59532236	0	NA	"P"	NA	1	"2015"	NA	NA	-0.205244756429399	0.445529936707443	50
"346"	"2"	"3"	NA	NA	NA	NA	NA	NA	NA	41961.81454	NA	85.89602228	0	2168	"P"	2467	NA	"2016"	NA	NA	NA	NA	NA
"379"	"2"	"1"	NA	NA	NA	NA	NA	NA	NA	27725.52531	NA	73.66295	1	653	"P"	2186	NA	"2012"	NA	NA	NA	NA	NA
"26M"	"1"	"3"	NA	NA	NA	NA	NA	NA	NA	NA	0	102.0510122	0	2977	"P"	3572	NA	"2015"	NA	NA	NA	NA	NA
"348"	"2"	"3"	NA	NA	NA	NA	NA	NA	NA	53623.44949	66.45397804	27.41933568	0	1890	"P"	2161	NA	"2016"	0.24328359513051	0.0133054568349937	NA	NA	NA
"362"	"2"	"3"	NA	NA	NA	NA	NA	NA	NA	1930950.257	NA	141.5854042	0	1942	"P"	2091	NA	"2017"	NA	NA	NA	NA	NA
"20M"	"1"	"3"	0	0	0	0	0	0	0	13052.28065	4.81370874	41.18677801	0	1524	"P"	2097	1	"2015"	-0.24955947415009	-0.0900494466457934	-1.28857580067895	-0.0368980129783227	2425
"378"	"2"	"1"	NA	NA	NA	NA	NA	NA	NA	341347.8207	NA	70.41139393	0	310	"P"	2042	NA	"2012"	NA	NA	NA	NA	NA
"142F"	"1"	"3"	0	0	0	0	0	0	0	NA	NA	NA	0	2186	"P"	2032	0	"2017"	NA	NA	NA	NA	0
"295"	"1"	"3"	0	0	0	0	0	0	0	NA	NA	42.35482735	0	1764	"P"	2021	0	"2016"	NA	NA	NA	NA	0
"7A"	"2"	"3"	0	0	0	0	0	0	0	NA	2.020579469	52.50437167	0	1103	"I"	3525	1	"2010"	NA	NA	-1.28857580067895	-0.0368980129783225	25
"347"	"2"	"3"	NA	NA	NA	NA	NA	NA	NA	8836.833249	8.680021977	122.8266656	0	1565	"P"	1853	NA	"2016"	-0.404263062381662	-0.0348061914419151	NA	NA	NA
"145F"	"1"	"1"	1200	100	0	0	0	525	0	NA	NA	NA	0	189	"P"	1827	3	"2012"	NA	NA	-0.194049944935056	-0.512935860181479	11900
"310"	"1"	"3"	100	0	0	0	0	0	0	NA	NA	111.3152518	0	NA	"P"	NA	0	"2017"	NA	NA	0.28128206035661	0.941961226153541	0
"147F"	"1"	"3"	25	0	0	0	0	0	0	NA	NA	NA	0	NA	"P"	NA	1	"2018"	NA	NA	-0.728532583370006	0.00905626760956627	2625
"292"	"1"	"3"	50	0	0	0	0	0	0	NA	NA	23.21242322	0	NA	"P"	NA	1	"2016"	NA	NA	-0.401659803133698	0.262295382186663	525
"149F"	"1"	"3"	50	0	0	0	0	0	0	NA	NA	NA	0	NA	"P"	NA	0	"2017"	NA	NA	0.28128206035661	0.941961226153541	0
"345"	"2"	"1"	NA	NA	NA	NA	NA	NA	NA	2512637.04	632.0470858	133.8891216	0	196	"P"	497	NA	"2016"	0.611068954379845	-0.247120961136034	NA	NA	NA
"351"	"2"	"1"	NA	NA	NA	NA	NA	NA	NA	690716.618	792.4783001	88.12304374	0	156	"P"	418	NA	"2016"	0.565733936130206	0.0102884959806202	NA	NA	NA
"356"	"1"	"1"	NA	NA	NA	NA	NA	NA	NA	160256.7659	NA	111.1540838	0	214	"P"	418	NA	"2016"	NA	NA	NA	NA	NA
"354"	"1"	"1"	NA	NA	NA	NA	NA	NA	NA	323186.2461	76.91895194	150.4194157	0	139	"P"	368	NA	"2016"	0.105264203875187	-0.170116743995176	NA	NA	NA
"377"	"2"	"3"	NA	NA	NA	NA	NA	NA	NA	261229.5666	NA	85.11337766	1	4750	"I"	4989	NA	"2011"	NA	NA	NA	NA	NA
"8A"	"2"	"3"	0	0	0	0	0	0	0	9628.144433	26.73888462	60.12657314	0	2732	"I"	3322	0	"2015"	-0.209917590388409	0.0393686954142754	NA	NA	0
"357"	"2"	"1"	NA	NA	NA	NA	NA	NA	NA	356389.1194	342.1968916	79.24311865	0	170	"P"	368	NA	"2016"	0.417131671075701	-0.024364799495921	NA	NA	NA
"358"	"1"	"1"	NA	NA	NA	NA	NA	NA	NA	309251.9267	630.7020523	114.0192892	0	149	"P"	347	NA	"2016"	0.383139883123505	0.0881533217434448	NA	NA	NA
"365"	"1"	"1"	NA	NA	NA	NA	NA	NA	NA	323186.2461	NA	64.98758268	1	234	"P"	295	NA	"2017"	NA	NA	NA	NA	NA
"352"	"1"	"1"	NA	NA	NA	NA	NA	NA	NA	567257.0355	NA	105.2859197	1	101	"P"	295	NA	"2016"	NA	NA	NA	NA	NA
"353"	"2"	"1"	NA	NA	NA	NA	NA	NA	NA	6499436.461	436.558335	344.8755762	1	52	"P"	110	NA	"2016"	0.513069755363644	-0.418141097662482	NA	NA	NA
"361"	"2"	"1"	NA	NA	NA	NA	NA	NA	NA	296934.2878	NA	78.18194805	0	123	"P"	272	NA	"2017"	NA	NA	NA	NA	NA
"360"	"2"	"1"	NA	NA	NA	NA	NA	NA	NA	4544810.269	375.5397906	121.389157	1	119	"P"	145	NA	"2017"	0.646863294215906	-0.46289441264706	NA	NA	NA
"1"	"2"	"1"	7925	275	0	0	0	0	0	264456.911	74.95268286	210.1729628	1	42	"P"	260	2	"2010"	-0.000542242710401694	-0.139267791707962	0.311111099707533	0.702132901710791	125
"32"	"2"	"1"	1125	50	0	25	0	0	0	40182.40876	1916.401519	108.2902399	0	247	"P"	3091	3	"2010"	0.370136121788306	0.49150117389599	0.153200458735511	-0.278025707689713	2925
"3"	"2"	"1"	1925	225	0	0	0	0	75	72987.56996	43.91693602	325.3466141	1	144	"P"	1494	2	"2010"	-0.274876713992724	-0.0608872329356674	0.807779003703851	0.250988233380384	0
"9A"	"2"	"3"	50	0	0	0	0	0	675	8565.210713	38.72537651	117.0489128	1	799	"I"	2596	1	"2010"	-0.290779629030642	0.0458583974060304	1.8825710146937	-0.330975499760137	0
"8"	"2"	"1"	5200	550	50	0	0	0	150	269486.0269	294.9080969	402.6287896	1	106	"P"	611	4	"2010"	-0.0244131029825288	-0.0172480374318621	0.766348623551865	-0.353727591175218	25
"94"	"2"	"1"	75	25	0	0	0	0	0	8145.014654	29.83799216	34.89976918	0	366	"P"	3048	1	"2011"	-0.11047070949299	0.0806182282089124	0.49405538120191	0.61473662933199	0
"95"	"1"	"1"	0	0	0	0	0	0	0	10448.17488	15.2430753	30.17800609	0	366	"P"	1325	0	"2011"	-0.131967569276976	0.002552472983834	NA	NA	0
"81"	"1"	"1"	1025	0	0	0	75	0	0	47305.95044	244.6248494	157.5951974	0	350	"P"	983	1	"2011"	-0.0157036917774776	0.130857985776815	1.31708954978455	-0.344763559536766	0
"31"	"1"	"1"	450	25	0	0	0	0	0	5793.221436	17.6431767	185.2087523	0	36	"P"	1529	2	"2010"	-0.432339317203413	-0.0104477947880407	-0.361108825260208	0.151739671094396	6875
"25"	"2"	"1"	11475	200	0	0	0	0	0	349683.3459	7054.213637	379.6254358	1	174	"P"	195	2	"2010"	0.428964341885385	0.427526490131636	-0.159656724946752	0.365297186673331	26200
"83"	"1"	"1"	75	450	0	0	0	0	0	27529.47484	54.54562825	128.8047094	0	193	"P"	1641	1	"2011"	-0.191244386651957	0.0201227988152104	0.899777318881053	0.482116849154531	0
"85"	"1"	"1"	975	325	0	0	0	0	0	23095.76571	65.31503176	266.3984486	1	200	"P"	41	1	"2011"	-0.306055866871276	0.0166573312225741	0.49405538120191	0.61473662933199	0
"65"	"2"	"1"	2525	0	0	0	0	0	0	16758.43608	396.6897456	94.43104835	0	176	"P"	2892	0	"2011"	0.0975394492186065	0.295534373575505	0.28128206035661	0.941961226153541	0
"64"	"1"	"1"	100	0	0	0	0	0	0	31698.75906	691.7564454	160.925459	0	176	"P"	1006	0	"2011"	0.106827207398064	0.293349233502447	0.28128206035661	0.941961226153541	0
"3M"	"1"	"3"	0	25	0	0	0	0	0	NA	21.35662716	61.20232752	0	NA	"I"	NA	2	"2013"	NA	NA	-0.952867336900287	-0.153574833685973	1000
"86"	"1"	"1"	1125	25	0	0	0	0	0	23797.28794	76.42540276	106.0581311	1	189	"P"	672	2	"2011"	-0.132603594375341	0.064906374164886	-0.079390214705739	0.390495282205462	2050
"103"	"2"	"1"	0	0	0	0	0	0	0	42513.60304	231.1026549	104.7876568	1	217	"P"	300	0	"2011"	0.0567203063620705	0.153426322310534	NA	NA	0
"79"	"1"	"1"	25	0	0	0	0	0	0	10926.20795	112.3333366	105.5937598	0	199	"P"	1624	1	"2011"	-0.1412505747064	0.143569349171746	-0.918168547297957	-0.106101148558001	8550
"91"	"2"	"1"	0	0	0	0	0	0	0	75056.14424	27.50588437	153.0016395	0	155	"P"	2851	0	"2011"	-0.17382549996622	-0.100358933922237	NA	NA	0
"110"	"1"	"1"	250	0	0	0	0	0	0	15429.22568	294.2161816	37.62816787	0	204	"P"	770	0	"2011"	0.246810452592021	0.339810598539884	0.28128206035661	0.941961226153541	0
"80"	"1"	"1"	0	0	0	0	25	0	0	38223.24015	72.264835	123.3163803	1	92	"P"	322	1	"2011"	-0.127593182262716	0.0244986746484945	2.14549229140205	-1.33643189985643	0
"100"	"2"	"1"	400	100	0	0	0	0	0	25834.73342	49.06067348	129.9073745	0	190	"P"	1712	1	"2011"	-0.208175533654873	0.0144150540426923	0.471002243203775	0.646642058358351	0
"82"	"2"	"1"	1500	0	0	0	0	0	0	278656.0335	394.2186614	188.006315	1	117	"P"	2436	0	"2011"	0.190125148023874	0.0257774285297874	0.28128206035661	0.941961226153541	0
"130"	"1"	"1"	325	0	0	25	50	0	0	562456.9795	84.09613432	204.411428	1	139	"P"	275	3	"2011"	0.13019995462745	-0.220269164603578	-0.19713291234912	-0.810735530511521	28700
"131"	"1"	"1"	2425	0	0	0	0	0	0	213117.2992	28.5394964	298.4995365	0	139	"P"	1124	1	"2011"	-0.157332206603343	-0.162173388782037	-0.421716144766163	0.244969159689046	33325
"13M"	"1"	"3"	0	0	0	0	0	0	0	2079.74559	44.58039596	16.36336374	0	NA	"I"	NA	1	"2016"	0.0083559690109704	0.252568502735531	-1.28857580067895	-0.0368980129783225	25
"89"	"1"	"1"	700	250	0	0	25	0	0	44783.50808	96.96862728	126.2604824	0	185	"P"	992	3	"2011"	-0.0861592423724548	0.040504240119374	0.269622299663187	-0.490139226457283	5700
"88"	"1"	"1"	325	0	0	0	0	0	0	47130.91664	211.8137866	142.2631073	1	163	"P"	334	0	"2011"	-0.012977005699054	0.119512667452984	0.28128206035661	0.941961226153541	0
"123"	"1"	"1"	1125	0	0	50	100	0	0	105960.0014	1320.55698	208.5494565	0	130	"P"	1013	2	"2011"	0.227816954467276	0.288573317983959	1.32446805779869	-0.735671165211508	0
"5M"	"1"	"3"	600	1275	0	0	0	0	0	NA	89.68507096	86.9494567	0	NA	"I"	NA	1	"2013"	NA	NA	0.733092055950554	0.509064175033167	0
"12M"	"1"	"3"	425	400	0	0	0	500	525	3332.59928	243.8704931	180.4893158	0	NA	"I"	NA	4	"2015"	-0.169977601100365	0.2207772614924	-0.219616034417116	-0.94478523671026	22400
"10A"	"2"	"3"	0	0	0	0	0	0	0	4584.403472	52.40752768	117.3650977	1	1128	"I"	2655	1	"2012"	-0.293176842732141	0.0880022999496649	-1.28857580067895	-0.0368980129783225	350
"246"	"1"	"3"	25	250	0	0	0	0	0	NA	NA	68.84284521	0	NA	"I"	NA	1	"2009"	NA	NA	1.02314347359147	0.45997046901119	0
"15M"	"1"	"3"	0	0	0	0	0	0	0	18501.66014	5.370969974	51.08545131	0	NA	"I"	NA	0	"2016"	-0.240293207555504	-0.103946047454062	NA	NA	0
"11A"	"2"	"3"	0	0	0	0	0	0	0	302.5768584	8.034353693	43.58092413	0	2205	"I"	2773	1	"2015"	-0.430154221383304	0.0421023246849953	-1.28857580067895	-0.0368980129783225	100
"1A"	"2"	"3"	0	0	0	0	0	25	0	39442.26406	29.15669248	46.11380496	1	5794	"I"	6147	1	"2015"	-0.0093994272790843	-0.0525384043635664	-0.335930817247497	-2.34480080893199	0
"257"	"1"	"3"	100	0	0	0	0	0	0	NA	NA	70.64342416	0	NA	"I"	NA	0	"2010"	NA	NA	0.28128206035661	0.941961226153541	0
"336"	"1"	"1"	NA	NA	NA	NA	NA	NA	NA	648637.7282	NA	123.3487386	0	178	"I"	2697	NA	"2010"	NA	NA	NA	NA	NA
"337"	"2"	"1"	NA	NA	NA	NA	NA	NA	NA	1449741.212	58.03811642	113.0433927	0	214	"I"	2673	NA	"2010"	0.413446346362483	-0.431957831999328	NA	NA	NA
"339"	"2"	"1"	NA	NA	NA	NA	NA	NA	NA	227502.8213	583.123751	74.66377833	1	267	"I"	2341	NA	"2010"	0.438770617772018	0.129133958824266	NA	NA	NA
"12A"	"2"	"3"	0	0	0	0	0	150	0	302.582058	0	62.73522092	0	1702	"I"	2615	2	"2014"	-0.644192531506543	-0.0326175664692085	-0.89000123996637	-0.814702249502821	5725
"29M"	"1"	"3"	50	25	0	0	0	0	0	9373.056303	14.75715964	32.26195628	0	NA	"I"	NA	2	"2015"	-0.157621675122139	0.00684250582155826	-0.0845062120161564	0.175421375031768	225
"13A"	"2"	"3"	0	0	0	0	0	0	0	772.3634033	25.60186147	98.81273758	1	1151	"I"	2261	0	"2013"	-0.397364862906145	0.0670925555281308	NA	NA	0
"6M"	"1"	"3"	750	1600	0	0	0	0	0	NA	227.1904912	40.98786169	0	1290	"I"	2459	2	"2014"	NA	NA	0.231411029552268	0.15041251573302	1700
"367"	"2"	"3"	NA	NA	NA	NA	NA	NA	NA	149590.3793	117.6659956	43.4115316	0	2189	"I"	2281	NA	"2017"	0.329317027186622	-0.0510169551546687	NA	NA	NA
"14A"	"2"	"3"	0	0	0	0	0	0	0	2102.69557	14.02867	71.02538549	0	1715	"I"	2281	1	"2015"	-0.380898236938339	0.0267352600902294	-1.28857580067895	-0.0368980129783225	475
"264"	"1"	"3"	937.5	0	0	50	0	487.5	25	NA	NA	NA	1	NA	"I"	NA	4	"2011"	NA	NA	0.0681832727090756	-1.05103005947823	4212.5
"40F"	"1"	"1"	4875	25	0	0	0	0	0	NA	NA	NA	0	96	"I"	1953	1	"2012"	NA	NA	0.317820958772255	0.866676988158695	0
"25M"	"1"	"3"	600	2200	0	0	0	0	0	NA	155.2619479	114.2125522	0	1332	"I"	1945	2	"2015"	NA	NA	0.276449525263672	0.109518099300653	1400
"42F"	"1"	"3"	200	25	0	0	0	0	0	NA	NA	NA	1	2065	"I"	1904	2	"2017"	NA	NA	-0.197069879630214	0.224352706046209	1050
"27M"	"1"	"3"	0	0	0	0	0	0	0	9657.068076	45.48463116	24.1582458	0	1305	"I"	1898	0	"2015"	0.0340360647931239	0.135440872242887	NA	NA	0
"21M"	"1"	"3"	25	0	0	50	0	0	0	16968.00926	19.01048978	40.97560128	0	NA	"I"	NA	2	"2015"	-0.122682756038592	-0.0179278984261369	0.0019710781795753	-1.26765671957975	950
"288"	"1"	"3"	0	0	0	0	0	0	0	NA	NA	49.29888526	0	1163	"I"	1498	1	"2016"	NA	NA	-1.28857580067895	-0.0368980129783227	3540
"368"	"2"	"3"	NA	NA	NA	NA	NA	NA	NA	144240.9382	31.28444083	20.95075406	0	1622	"I"	1441	NA	"2017"	0.367950917558771	-0.231700193569397	NA	NA	NA
"300"	"1"	"3"	0	25	0	0	0	0	0	NA	NA	46.77142841	0	1273	"I"	1415	1	"2017"	NA	NA	1.81104462144885	0.568657283264441	0
"48F"	"1"	"1"	5000	0	0	0	0	350	0	NA	NA	NA	0	359	"I"	1212	2	"2015"	NA	NA	-0.116507714617942	-0.146037009373555	24625
"311"	"1"	"3"	50	0	0	0	0	0	25	NA	NA	20.24980104	0	1048	"I"	1143	2	"2017"	NA	NA	0.331390096854462	-0.773176570522495	175
"338"	"2"	"3"	NA	NA	NA	NA	NA	NA	NA	154851.9515	NA	73.63433191	1	3335	"I"	5218	NA	"2010"	NA	NA	NA	NA	NA
"287"	"1"	"1"	50	25	25	0	0	25	0	NA	NA	40.20287094	0	581	"I"	947	3	"2016"	NA	NA	0.813551334614898	-1.24696524087041	0
"366"	"2"	"3"	NA	NA	NA	NA	NA	NA	NA	95650.63204	527.3096624	38.12450926	0	1044	"I"	1146	NA	"2017"	0.483603421519065	0.257062574365368	NA	NA	NA
"13"	"1"	"1"	5925	225	0	0	0	0	0	8400.804108	33.29323782	165.207345	0	551	"I"	1413	2	"2010"	-0.353377680471729	0.0175364574970407	-0.234370312040413	0.264787387294476	31950
"16"	"2"	"1"	175	25	0	0	0	0	0	3168.721411	111.0969108	370.0387237	1	532	"I"	946	2	"2010"	-0.380017349909073	0.0797121661702673	-0.176767395188508	0.230314118835173	850
"4"	"1"	"1"	50	0	0	0	0	0	0	16969.06974	97.35569209	53.79111574	0	388	"I"	2092	1	"2010"	0.00848270291972548	0.147367499453868	-0.322062346820518	0.340451947373529	275
"42"	"1"	"1"	175	25	0	0	0	0	0	4052.261253	11.37257576	97.41625626	1	504	"I"	1680	2	"2010"	-0.404955007271646	-0.0080970186188145	-0.362328895781626	0.120622462223993	3525
"2"	"2"	"1"	1175	10425	0	0	0	0	0	18182.25227	47.99551762	318.1669941	1	229	"I"	2776	2	"2010"	-0.369163700846832	-0.000895562246678179	-0.373856172030999	-0.176300153658665	67675
"6"	"2"	"1"	37.5	14300	0	0	0	0	0	139633.2406	329.3161501	297.1882874	1	171	"I"	2259	2	"2010"	-0.017070736213902	0.0578425455105864	1.33421191304443	0.265267767882859	12.5
"7"	"2"	"1"	575	44000	0	0	0	0	0	204681.6257	45.78731819	429.7608874	0	155	"I"	3104	1	"2010"	-0.207360141041619	-0.123643137567751	1.45761936635508	0.377113133659337	0
"30"	"1"	"1"	1775	275	100	0	0	0	0	22407.08216	113.5944617	279.5804765	0	230	"I"	1194	3	"2010"	-0.266331088521154	0.0594053185759642	0.388217956978674	-0.70201486079057	5650
"6F"	"1"	"1"	NA	NA	NA	NA	NA	NA	NA	NA	NA	NA	1	235	"I"	303	NA	"2002"	NA	NA	NA	NA	NA
"5"	"2"	"1"	12500	0	0	0	25	0	0	269679.0323	84.01585477	314.9396813	1	94	"I"	189	1	"2010"	-0.0758401227227614	-0.125123023815041	0.722256354599259	0.296704686962698	0
"28"	"1"	"1"	1300	525	0	0	0	0	0	290379.3173	648.7037094	262.7097172	1	191	"I"	197	1	"2010"	0.174093936576144	0.0774641086912554	0.528796298575862	0.591046021243702	0
"71"	"1"	"1"	1200	300	0	0	0	0	0	7658.216774	62.48942298	115.8674785	0	366	"I"	1089	1	"2011"	-0.247514859434306	0.0917437299944216	0.471002243203775	0.646642058358351	0
"29"	"1"	"1"	275	0	0	0	0	0	0	236243.4301	106.3413862	293.7286176	1	161	"I"	433	0	"2010"	-0.0634640718256744	-0.0969965819216741	0.28128206035661	0.941961226153541	0
"36"	"2"	"1"	600	3300	0	0	25	0	0	122542.4778	56.28174204	240.7831553	0	236	"I"	3074	2	"2010"	-0.151977049894352	-0.087898057381385	1.18074893889817	-0.123801582057232	0
"47"	"1"	"1"	25	0	0	0	0	0	0	5719.204427	19.57316775	84.2676583	0	279	"I"	1212	1	"2010"	-0.325577880889077	0.020889419776228	-0.4764220221433	0.199257664137114	525
"49"	"1"	"1"	350	0	0	0	0	75	25	21217.96622	253.5175641	260.5156876	0	300	"I"	1229	2	"2010"	-0.165937263097393	0.143106820547006	0.746757570515505	-0.638666267574972	0
"41"	"2"	"1"	12500	75	0	0	0	25	0	285388.5479	22.37839024	160.7808786	1	193	"I"	608	3	"2010"	0.00511068965114886	-0.235782488071315	-0.166502042182329	0.187182923873934	35600
"35"	"2"	"1"	20675	4950	25	25	25	0	0	127960.7	6.01400107	289.032017	0	146	"I"	2984	4	"2010"	-0.278005444612765	-0.169412330473436	0.815143391578288	-0.0356730604231854	0
"61"	"1"	"1"	4050	0	0	0	0	0	0	16511.17628	611.3657203	111.113367	1	249	"I"	356	0	"2011"	0.135498823204378	0.345258250946791	0.28128206035661	0.941961226153541	0
"341"	"2"	"3"	NA	NA	NA	NA	NA	NA	NA	170184.449	339.3864171	29.89088306	0	4529	"I"	5466	NA	"2014"	0.552162278729748	0.099110207470283	NA	NA	NA
"48"	"1"	"1"	9325	75	0	25	25	0	0	181390.9211	19.23624044	677.6414561	1	152	"I"	725	3	"2010"	-0.330636620224445	-0.125299850638851	0.779967315595558	-0.0223199479766824	0
"45"	"1"	"1"	4200	950	25	0	0	0	0	14726.22569	28.19455418	64.81455595	0	154	"I"	981	2	"2010"	-0.183834645232315	0.0188854480419886	0.750619816892026	0.180059634300469	0
"54"	"1"	"1"	600	50	0	0	0	125	0	7393.40684	8.295657866	96.67298822	0	189	"I"	1240	3	"2011"	-0.389441381265234	-0.0306053310369804	0.0534837365364388	-0.380925616540114	1375
"96"	"2"	"1"	375	0	0	0	75	0	0	70672.64712	480.7843386	255.8893485	1	204	"I"	1759	1	"2011"	0.00248940933162408	0.16122852797393	1.5265349327152	-0.540947296241321	0
"57"	"1"	"1"	525	0	0	0	0	0	0	7715.568274	27.57534328	69.0222716	0	131	"I"	1633	0	"2011"	-0.246088228301818	0.0466784623863493	0.28128206035661	0.941961226153541	0
"115"	"1"	"1"	25	25	0	0	50	0	0	141088.0802	35.03563397	196.4768974	1	97	"I"	655	3	"2011"	-0.125441382532528	-0.132214469945225	-0.563988478741816	-0.704644322944382	51125
"124"	"1"	"1"	2750	0	0	0	25	25	0	287259.5182	111.8071488	133.5550076	0	120	"I"	957	3	"2011"	0.143469682025667	-0.124488773756822	0.727791019460276	-0.171243015384832	25
"132"	"2"	"1"	1750	0	0	0	0	0	0	29374.42821	319.3364518	113.7405361	1	87	"I"	229	1	"2011"	0.0572594373054668	0.216451636838066	-0.420025466359839	0.245388918425264	23525
"375"	"2"	"3"	NA	NA	NA	NA	NA	NA	NA	93579.64619	NA	41.87386163	1	5736	"M"	6363	NA	"2006"	NA	NA	NA	NA	NA
"317"	"2"	"3"	NA	NA	NA	NA	NA	NA	NA	168444.3005	164.2640767	85.70892959	1	4195	"M"	5114	NA	"2008"	0.217014279280583	-0.0191176529107434	NA	NA	NA
"2A"	"2"	"3"	25	0	0	0	0	0	0	3012.8261	1.354874607	87.67494981	1	2441	"I"	3501	1	"2010"	-0.511233410760802	-0.0392132784455095	-0.728532583370006	0.00905626760956633	2625
"15A"	"2"	"3"	0	0	0	0	0	0	0	1150.453878	0	77.73640743	1	4629	"M"	5866	1	"2010"	-0.611750034331739	-0.0355729153663605	-1.28857580067895	-0.0368980129783227	175
"16A"	"2"	"3"	0	0	0	0	0	0	0	7761.541645	8.012923503	56.66234381	1	4230	"M"	5478	1	"2010"	-0.314187593829101	-0.0340059081933689	-1.28857580067895	-0.0368980129783225	850
"247"	"1"	"3"	25	0	0	0	0	0	0	NA	NA	73.96355896	1	3844	"M"	4140	1	"2009"	NA	NA	-0.205244756429399	0.445529936707443	50
"17A"	"2"	"3"	0	0	0	0	0	50	0	9035.733744	35.6538829	97.19749986	0	3935	"M"	6207	2	"2011"	-0.266564609526639	0.0460247678764431	-0.846266986361282	-1.02499557764591	800
"324"	"2"	"3"	NA	NA	NA	NA	NA	NA	NA	284951.2627	18.30545145	31.60365325	0	3101	"M"	6117	NA	"2009"	0.353004902943243	-0.366937159826368	NA	NA	NA
"18A"	"2"	"3"	25	0	0	0	0	0	0	5552.507816	15.9401747	43.76855248	1	3576	"M"	5322	1	"2011"	-0.246418323014079	0.0332185419182605	-0.092902491133476	0.536181495481637	25
"328"	"2"	"3"	NA	NA	NA	NA	NA	NA	NA	28312.2487	47.23657021	54.73775696	1	2877	"M"	3620	NA	"2009"	-0.0354694618840436	0.0220833655413279	NA	NA	NA
"19A"	"2"	"3"	0	0	0	0	0	0	0	55423.0014	NA	207.4936805	1	3327	"M"	4717	1	"2011"	NA	NA	-1.28857580067895	-0.0368980129783225	2675
"17M"	"1"	"3"	0	0	0	0	0	0	0	15847.46883	NA	39.06384988	0	NA	"M"	NA	1	"2015"	NA	NA	-1.28857580067895	-0.0368980129783225	200
"313"	"2"	"3"	NA	NA	NA	NA	NA	NA	NA	96000.35585	87.57961643	30.26269166	1	1572	"M"	2275	NA	"2007"	0.325937825675279	-0.0295611091821717	NA	NA	NA
"3A"	"2"	"3"	0	0	0	0	0	0	0	10038.61793	42.07115572	54.04441994	0	2157	"I"	4488	0	"2011"	-0.139039892354428	0.0831664773681577	NA	NA	0
"20A"	"2"	"3"	775	0	0	0	0	0	0	30112.00286	NA	244.7832233	1	2237	"M"	3791	1	"2010"	NA	NA	-0.917101113119519	-0.104067251926067	256775
"266"	"1"	"3"	362.5	125	0	75	0	375	37.5	NA	NA	NA	0	NA	"M"	NA	5	"2011"	NA	NA	0.134870491840066	-1.09240994721653	3612.5
"21A"	"2"	"3"	825	0	0	275	0	50	750	1253.329358	7.735056688	63.50331277	1	1949	"M"	3036	4	"2010"	-0.433866104153604	0.00470754866068961	0.0980153416994211	-1.12786687217708	34350
"22A"	"2"	"3"	50	0	0	0	0	0	0	1687.930046	0	68.43362307	0	1964	"M"	4292	1	"2011"	-0.591263890719803	-0.0381263349359778	-0.562592487953547	0.143499101375401	1875
"23A"	"2"	"3"	50	0	0	0	0	0	0	NA	48.7404078	109.1104348	0	1631	"M"	4005	1	"2010"	NA	NA	-0.374892337692618	0.294098903833523	450
"24A"	"2"	"3"	0	0	0	0	0	0	0	NA	9.910468973	115.959512	0	1419	"M"	3883	1	"2010"	NA	NA	-1.28857580067895	-0.0368980129783225	2100
"349"	"2"	"3"	NA	NA	NA	NA	NA	NA	NA	353226.11	22.97398187	20.27038883	0	3618	"M"	3883	NA	"2016"	0.495426236517451	-0.415323460129394	NA	NA	NA
"314"	"1"	"1"	NA	NA	NA	NA	NA	NA	NA	3553732.734	1525.790986	212.2694486	1	159	"M"	227	NA	"2007"	0.635872422006466	-0.155323672730182	NA	NA	NA
"25A"	"2"	"3"	850	0	0	0	0	0	0	NA	NA	201.0021616	0	1183	"M"	3564	1	"2010"	NA	NA	-0.0759164089306929	0.551766760348928	725
"315"	"1"	"1"	NA	NA	NA	NA	NA	NA	NA	250197.2874	904.9067308	214.0469367	1	167	"M"	282	NA	"2008"	0.250194829026602	0.149494167682028	NA	NA	NA
